42857
71428
79979
94775
128162
152344
157391
161908
165141
248645
249931
278060
375861
409833
418135
452697
486133
510157
519886
531584
579786
591576
653443
662242
720113
754234
779489
812987
830969
835265
851974
885466
973971
1151877
1205131
1346281
1461521
1469376
1580352
1704568
1707238
1753398
1837171
1868711
2149268
2179957
2228622
2254434
2281931
2286690
2453722
2598603
2730834
2951427
2971903
3022334
3059861
3112892
3206332
3216123
3242765
3451144
3494185
3509667
3624992
3831808
4039870
4258160
4259134
4501573
4703223
5251213
5291254
5445592
5584153
5853805
5899962
5910857
6092698
6114923
6234316
6323711
6639718
6674983
6764284
7711201
7734419
8588278
8702818
8727052
8732953
8888198
9474694
9635160
9773889
9775212
9843633
10005656
10049077
10243938
10376092
10391011
10426007
10690878
10726729
10970573
11049707
11176567
11548538
11608076
11629313
12680428
13429720
13440874
13800604
14391810
14707568
15039622
15395762
15577161
15965636
16101208
16199571
16332011
16335952
16465937
16480647
16605294
16892301
17145708
17618244
18032994
18118527
18547644
18762929
18804948
18820446
18884134
19030072
19143250
19684127
19810485
19940137
20187894
20743405
21848410
22298943
22311315
23714559
24385760
24936950
25046098
25570454
25771498
26151809
26183250
26438487
27033118
27295254
27376898
27558000
27562503
28387476
29092561
29663548
30321331
30449754
31072996
31488908
32302218
32402598
33476801
33483702
33554545
35407942
35416007
37621317
38778981
42636283
42848371
42954927
43038227
43518057
45699764
48093838
49821101
50256752
50309686
52189674
52444213
53016301
53780048
53837866
56187126
57678176
57811727
58229667
59090284
59360300
59949380
60530651
60541579
60585258
63339099
64107871
64275513
64349775
64944872
65870210
66775134
68590525
68660852
69121182
69978241
72270385
74565590
74965733
77481538
77666422
77992963
78033985
78115979
78546248
78946025
79866797
82059867
82466023
82676008
83660152
84753578
85111660
85572486
86758294
87242215
88109421
88586163
89461921
89603876
91184359
91240099
91518753
91816241
93903912
93936046
94587305
94797052
95750744
96454683
96987974
97665042
98080476
99359547
101858990
104023532
105602342
108002168
108597448
110665020
112450427
114751835
117231704
118019318
120261373
122104779
122547599
123568391
129990165
131874382
132230220
132688541
134317485
134690414
134752473
134880582
136155621
136401729
136406924
136818847
137076220
137079987
138078542
138157186
138238139
138433355
138818526
139338200
139393980
139395316
139403644
140110721
140806129
142100071
142918519
143267689
143589027
145880475
147304953
147975728
148301006
152500328
152759755
154601456
155512061
155791390
156870753
156906299
160162138
162131832
162287941
162791114
163221138
163946854
164010245
166815045
167022400
169009773
172412272
174299205
175171467
175580366
180264084
181543990
181578311
181717329
183449966
184665235
184786001
185673950
185802766
189156519
189579157
190914072
192214149
199381765
200741205
201499070
203160145
205604045
212674989
214109327
215388719
216446503
217513313
218433016
220669315
221296464
222192103
223962751
227610296
229808507
229947385
233077103
237253384
238383522
241532242
250905295
254747865
256397329
260389708
260814311
263664151
268323658
269863209
270094505
272695787
274574902
278306301
278756641
278849758
281006787
281273960
288023485
288974434
290513878
291001765
294811340
295829795
299103711
299863937
304224932
307296700
309088319
311979165
319327456
321823504
322869509
322942934
323984323
325127091
325188022
328571095
333999502
335132658
339404030
339856842
343054669
345305598
353323098
353713494
356363667
359751822
360779401
362300318
362584290
368763225
370719239
371012717
373010140
375169787
377012947
380292638
380834912
381384064
386555725
394252797
395916674
397581174
402544690
404103382
412317236
415351050
416116632
417611983
423521189
423869236
430739566
434266681
435185426
440441566
448005927
448613648
451882452
454700756
454928905
458623799
463999209
466980498
469123725
469959126
479134391
482880234
484757088
485120633
491201815
491946191
496442919
498491396
502421598
504035030
508404528
512451347
515695604
520959565
525626263
537212868
538728804
541428986
543321185
548255821
548874604
561193033
565487239
572876302
575225981
584984704
587443581
602952979
608491556
616594769
644489622
648496214
658180241
686608495
694463515
699469641
711562203
713425510
716062149
716895016
717348258
720667128
728755519
742366091
749686424
751028636
759097046
777937662
793641352
