18533856
14472744
5893054
49245
21346451
721542
281141764
9305232
484618
1551831
375280376
348257168
8455431
407924650
1281478
388025679
59287
11168584
325201063
241898
225471079
253136945
2299112
224498100
280676939
56652172
157611635
3742103
248265855
79321445
199163563
20800432
43800573
354006394
158067851
1811741
152077378
329835483
320204882
482922653
1062742
14776998
285547511
275420013
328720839
27314257
212529759
795111
166167329
3589932
355708969
267161974
709259651
33423565
233138194
1685934
215982376
359993874
154864239
16369755
1756066
1172426
235415220
292288791
229275459
139974302
36499452
35550586
169929
1161263
206480729
388677407
7999340
471796423
354546289
98325543
113400483
270960999
6262771
10627345
485231670
240765221
240824769
408525780
166553557
3300560
237567
367547892
20840074
178369633
6847016
4829659
29908186
6188305
8993975
50290891
481377000
292137237
347332643
385684938
172134435
513255654
2224499
247374279
398782082
40696664
411227350
296634392
296829029
385190630
311005534
1514590
228886433
16805346
3397533
6545344
83773222
328071895
358547686
3032867
125638121
221112313
14158063
262716159
337464833
1709422
230494375
274643245
40057303
179837
697665
365043863
351449737
7696804
385258821
872881
14412616
260893206
2509782
385005989
4289746
42289
11051252
310553891
286332789
12244004
514080
167909317
14516594
351952531
223453506
14162657
367885540
12180031
30374564
140736051
33611564
88502351
394488227
282254503
9729310
257105173
326943070
30291268
286078274
11696795
249402347
83092313
99791066
181558230
111328249
217674657
302654663
4542834
156719527
25480925
360346972
8470513
250232285
272277774
139800693
36354562
345918460
312805720
246621034
465445898
530742
298032676
297124051
6579205
89431498
126300375
311797384
19167462
300257930
8686088
221307824
149070633
234677974
141339544
375061110
330797834
274529901
281960111
254838897
2518547
2521490
297686715
201201
269297568
448090631
430077394
53571299
2457859
3989233
288380765
20385374
501227
225098076
237298243
245730188
221115341
235841340
7953538
181514928
254578060
211242691
5897328
215731664
355451946
97984194
242136476
46019077
554297964
2912790
534576196
217523745
29684056
2825583
1296787
2265925
84359462
653865866
667908
474910659
22605474
516214985
436937274
2889657
45404403
249232169
3208459
301450904
2324780
166061452
22438796
3202546
454106795
247019575
323572045
19354308
211619274
5006061
712820
173496
253404437
618837461
266514853
413505471
257017339
248153765
373905692
37078364
60154
1671621
258254719
51827029
308997789
636986319
733453
509073
115141484
337473866
366498614
21051344
50433906
532769
335687544
43869506
301222252
8008174
440874106
319619522
368523988
60655794
44964101
343824816
254743332
244614744
6862741
23195
5096312
22199658
241014550
192730107
365465117
5554333
100603463
77880315
10173601
56077572
1639190
865911
175676431
306702668
36615411
98447129
25856600
53070508
4442615
249495834
308378945
4717079
19184983
233420496
264812601
448000896
2092245
229896424
267955573
4133723
266058950
6651301
189840741
328302301
154899734
2249713
96943864
280140548
34632467
313585423
491573091
175565093
329346784
32376702
219175195
188117282
112965915
216804724
67864381
43494194
208847364
11810481
399520170
1403554
263500514
346809943
1104575
297955690
143503019
344890738
4008033
309184520
7003550
744604
152123320
118519503
346316801
97574826
1008266
214205858
435364705
265155008
524122151
11106424
142655656
390555035
7177752
275300689
107863349
258861336
386511398
296098471
271152788
543417875
323729571
533810
364991249
69724207
366362001
254098422
113125
278248913
2479559
85562988
92499907
398956729
278902018
5778213
4112853
2712896
307750861
299869558
3922088
315931737
28818940
63377849
233010620
268666984
713519454
195493
348600078
4487371
40270599
312036735
322367227
170383752
7590133
236968405
28995977
30487272
168652987
54981903
226210561
316809148
58165509
352320581
3519570
247880539
549787218
410681478
174322315
36618493
316662287
372344892
373927
2359760
275023178
367442820
16002136
60460412
453282971
54157368
302941176
289591284
8619881
411164536
306450109
1981700
328521347
293642607
196831
140746886
17402269
141805880
7392894
4725596
317660
289177776
292145083
28086926
127566494
372478966
330601117
17448316
171474871
320999229
6852547
3036906
227372293
53715348
402316751
361563467
233964972
207259475
224734098
385858153
78542941
242929007
8969243
442996440
286877702
235999843
139878086
426090610
222994567
509440218
956648
347496283
5075084
84306450
423580244
2852535
185739820
33582877
252219617
512192091
263242892
451734602
277920366
132555505
299329792
224277023
97803210
5001616
484214838
219815438
283786168
561018582
630151756
25888911
174306737
310816070
215959085
309427668
2709086
320028255
212033007
466826585
215798804
401539382
246750935
37242222
96811054
346337289
136191166
35843182
223581818
87359706
236132465
273972638
485272525
143644967
224814776
182286537
248918394
5433641
167367544
99454
277272190
298223274
201410960
1408125
370131545
636665
229688730
4158364
411802861
328472088
742443
298583529
214786452
136532415
172299565
285902192
18419146
57709262
157196074
161642273
149157011
11131940
54074994
226253243
334867071
231506851
216296782
207173682
534938797
213054707
298497118
218375962
27501193
286247869
57466892
304160084
371044773
258761107
49450448
705407
231823502
20266358
315198522
199393913
7933266
30904084
31080268
13403923
235220851
5239674
10651515
43135984
201279617
489515390
15236933
3596
150358717
246412183
119758684
75048193
221523051
483974374
259929882
489073809
66732980
388180382
147886
232669403
473824868
220498002
358359206
90387182
327245971
20039378
181032411
995369
2056759
1427076
15010157
349242719
209288545
15141844
299306796
1308052
33256571
264617331
645969683
56118053
219785143
310662276
16432022
15748684
163236961
349988287
529025825
300301352
336231244
156653221
79988768
458563539
708908625
587645091
327726224
235337523
183104
2911003
145062758
157406927
358156231
294887664
345693557
153700930
19362299
424085412
327935245
476166590
329357619
5206322
325757780
171267882
8093
291736229
37179405
316262
183619752
221037976
185619453
196182
346312718
1108685
1400957
7449523
479129923
496609592
121735395
504083426
353113947
99987358
144498835
307749322
137313652
96822900
577453072
176421413
236022369
333967868
432118177
233627624
45213675
49134093
3397098
327984377
8758590
11916619
211447843
546979245
17920071
121774469
370721302
258675235
3764704
266004815
10390204
88499892
1923451
1439666
224175036
452410823
2503751
1849023
183655418
966387
147233850
259452114
212169689
286109995
4721006
357174
3536929
225975741
314849769
53059981
181246461
209468436
16710017
504790508
4591828
365695983
361925847
215203518
329203435
4312587
324514106
185071850
438121
334935545
302845021
165569805
334568707
315134464
77714813
30835729
33626544
406175
471920801
305942350
358723118
3707508
21197663
276282815
312636447
291228796
336698881
251478248
244978415
380480380
3924653
16946618
297130768
3067369
493179106
189792905
292544521
153212556
9512320
30444942
247024632
181672701
12674508
11116755
223811927
245731535
284833618
4207695
212106565
472433264
280184515
297643737
36303223
12077
322829171
301154409
1202065
297049563
89649452
245364532
357012
205663549
44003786
73778309
410712926
262795883
87795246
277433112
327525435
12513682
221135170
339975368
65973
256599313
85654012
225312927
245685437
42596501
593228383
305705646
2031308
163195355
241677846
1854297
11112511
4694889
91589703
372545788
557945667
5669107
272442
440848097
8424109
98507231
10746116
146463580
339190722
278667857
283601651
78586418
170079604
182398010
286679542
234761581
206397174
89179259
335702962
1377548
1190541
377091639
230325813
533844979
172311258
369207850
488055478
2867144
121964126
547714037
263675272
412474209
22220503
406416299
273997505
230657620
556915697
31789489
267302753
213805203
19099459
122065579
133957306
3479590
274239334
422505669
469452755
182055
198930853
35003369
4093795
264773509
252767846
71890642
18503293
359105423
9533509
525204942
140194175
7559001
135360793
3504822
489548631
316817009
244043373
700715
146709402
89798220
131744107
326536657
214793281
263441829
4739306
258691171
317430348
204005821
502738
40126144
343784285
188071507
345063912
369422740
82003
138266264
266116615
500368
539636246
570710527
295010252
386515086
41741675
1967180
384353757
258256180
597582
366237967
290100584
10814094
567453585
5922314
526131099
420095465
247409017
16123098
290610279
283803929
300820783
377601212
246526381
492313931
267393663
882925
281328221
9844289
299404434
269760287
302064862
69374
305179642
6877345
151608698
188889310
145947436
232938639
22776616
314060074
288201780
393048201
368397297
209049116
245693727
3830194
285523995
477267075
436412393
276688
52055220
364226398
14922953
134114949
350281383
1997422
164951
270695422
302358814
10164886
319834019
261052635
9224103
139594197
16779379
441566348
23087990
308755209
210028039
314224887
259687501
337363561
6035074
36410158
374472775
3956799
465465601
429294
267313677
167587742
4628120
501679372
15714348
332098779
1254897
161478783
5572938
201689482
276786
443671
264876686
2439339
249841743
1193219
152063205
5024545
8988006
8720044
172939419
132378038
389105295
64515396
549439363
5038953
145388926
175643836
215327067
208760638
201666758
369032
4252065
5430933
173086855
321124132
47786801
92025689
6182476
33366647
253639729
51457405
209398442
185888681
560264075
145987016
191628348
5020280
15851193
9901734
201976576
334218895
459987331
267861774
3915759
1846268
311078794
3899843
337256116
82892281
502763890
4893031
361875123
240618672
212892632
307399746
278820166
239552951
186893388
20494038
317145439
247025957
479892553
221388794
552405604
376063677
179907493
24289076
92301938
154655933
337233320
355184367
181442233
258318259
425833475
296449187
584848
214126026
334170202
189218339
185784455
335042883
22724280
234422033
72185
79313995
1710504
321854759
23558
309435109
6526892
296319555
8657830
196596191
419806687
2993735
491729740
322197
99242469
162277398
2858407
1087824
224767729
418628628
279196255
22031866
276399083
9227132
2177326
353254262
19165
180595623
351460997
45198765
141263264
453927018
422947761
306283895
3875863
141909
38416632
289546216
328955600
374991715
33122966
60550724
286868318
346495379
159125288
92343932
30675961
33814820
1845347
220787223
33974453
405720806
26636772
324996375
211880985
210187859
443061753
29089408
114125167
2891967
103013371
244936970
357773205
301572822
14831589
3444397
25296381
29320109
23084040
392637811
3152339
368398727
214771973
221352696
184637179
328093189
212148944
24643588
243090172
261759153
306766858
497752332
279351386
662168
83411277
279351556
192357970
302921679
287416886
46417339
52888667
1983307
335773510
106215189
983917
145339285
3156211
6427678
169147907
59408217
227266799
6000955
559219293
5063317
152749615
167770
36945505
162169650
333380535
83369276
28626980
224648253
216610214
567384802
188671806
7878206
331651559
45774106
181600870
730660804
207579136
271448575
2300320
195990422
272265883
226779190
333476589
3177059
289418758
618964011
219145506
75346524
2932131
169255329
187885112
485980
85894042
37791988
213984036
244398416
642133
204650274
8889022
2556252
417807746
202406803
193010524
230818661
52477936
273922236
513880570
25726237
49574733
1548014
180941231
247998024
167916334
327872312
198381517
242436865
179434606
253310487
27543370
13511710
199910081
258394895
151451143
112573600
49784559
316243107
241885377
396928595
704711382
82921249
327281660
744234125
227461337
4740692
228531339
3365378
89796637
124281651
2182178
188792232
272991769
675478565
411610027
91273267
7065801
491020974
489377593
30506868
395262123
328647243
345556756
202167556
244800718
358880160
214783682
138858620
272796571
6874909
468429943
351880830
288848246
69855224
604464215
222096911
501616698
352758923
417360157
450522293
408360004
369325665
186290892
469778860
326070586
2410429
389754
105571
235924917
274204979
334008355
283123001
150764765
579152445
301000551
345387390
334001556
33393736
354401987
443141583
406025423
255827457
125236809
290071368
305503222
244417143
300100418
231629549
270359959
510260667
331919107
236344
387657093
334445963
49034
160324504
2328
376843021
244582782
624809432
321608273
171720010
269223870
155385250
346385483
271490254
272395156
470084124
235194908
359498768
346485787
5568458
131731910
230860114
369874532
227422125
30184791
139729674
458116493
517437
150635040
404693
333950083
283159013
330289393
381246109
232997672
509865102
280988233
191046900
381242857
151428853
399770845
331882468
159322087
338560571
1302198
220735638
268431765
191140367
259377619
222833843
204692
608602824
207228386
154546663
306459460
428872177
336230320
121519001
483778522
381246294
256589617
543976576
257799521
272488885
300456641
327207291
437965
303409284
489377380
86712
452236218
420000727
215059642
326297782
509136032
283535
221507317
292094608
282168941
39531081
25536584
412767524
12130038
304306386
269758729
403551917
86409045
491412483
356289112
281027537
386714154
335127646
10253187
249829836
192387511
95524624
561568870
520975066
213788
231169105
320635268
487295
331824612
275337496
461165362
231438
314646438
317177768
198571172
330391875
358269169
396693113
91552949
188914423
337083242
13399016
239568247
242068562
89527126
322173116
1661046
217787505
368135728
309848725
454840337
981118
470084347
320848661
229839
341491205
319998859
267784016
260350094
3304565
1517923
97953506
270229291
11586088
209048557
269157405
217964857
307477043
312394256
216296634
327054750
270354588
242239322
316697558
117375713
443083288
313601458
581211891
106157073
277110990
338670472
240556978
277566253
131117112
409748149
336755240
87165594
302644397
8104158
364651
270498937
84538172
208720709
427167658
261702851
543063444
82235408
205721558
247338573
455843366
499396303
448202873
13933006
455843790
45856459
10422952
249117797
150633110
424681597
94341630
326749737
557422720
334449841
234410912
298598066
276180359
245247849
462249891
8626410
286178719
258874079
310130246
144046070
327888487
258359287
648276
133015542
10034994
158558261
398946986
281936052
357554714
531556149
296710873
426154640
225537948
241138921
247456457
168053494
